[[5.344187740028914], [30.91441332291272]]
[[4.690797837330457], [17.989132245249227]]
[[3.06514407164054], [32.67390058378043]]
[[0.29136844635404446], [-15.046942990405128]]
[[2.7042454045721764], [-4.198779971237319]]
[[9.15496044375243], [54.50659423843143]]
[[4.323588254945952], [76.06219903136115]]
[[7.176051758221099], [56.32999942086154]]
[[4.085369801211629], [24.249871483311825]]
[[9.009164232156868], [86.55457821995637]]
[[8.22931838623372], [69.31442713183536]]
[[5.347990632373546], [29.231394093999132]]
[[1.560025410761663], [3.3207165250820188]]
[[4.4059621993455185], [-9.743791273899049]]
[[7.533939545416025], [39.91068385246699]]
[[3.9458478690202647], [27.915915653815176]]
[[5.809863423970326], [54.36568073847534]]
[[4.382427333615518], [50.68964392520528]]
[[4.359049004538393], [14.274874817037169]]
[[9.98584755449813], [87.51971064267029]]
[[3.968983429955034], [36.65469666040323]]
[[1.260697221055157], [11.852326370780558]]
[[4.4280355601008194], [2.7038338688062753]]
[[9.697421805354825], [46.58457810694824]]
[[1.2566572127813658], [16.88434972674578]]
[[5.5631549011725205], [26.30846691524932]]
[[6.160673836575269], [44.08273490472635]]
[[4.551876354358495], [8.621377815651693]]
[[8.658091391595375], [14.655460983901259]]
[[9.215808293425168], [27.352168971004836]]
[[4.051136473706592], [11.76954803828216]]
[[6.665674229608799], [46.0899387471286]]
[[0.6887031931016663], [20.6990698021868]]
[[3.618890420919011], [24.832823021460293]]
[[8.701678593623612], [45.88622449848604]]
[[4.19830490184753], [48.16973398999027]]
[[0.6824276913336991], [34.20903793980796]]
[[7.156343598751166], [29.35921237294503]]
[[3.9860565277577784], [54.10225906491868]]
[[6.385636601882902], [28.92549840321469]]
[[0.2285826851289774], [-19.089479740640446]]
[[7.782227569544897], [24.878193131187942]]
[[8.19075623774227], [26.359666691361834]]
[[4.859003901711594], [9.677981550554135]]
[[3.798285354517156], [35.295346369519265]]
[[7.154587539202738], [10.679533981928657]]
[[6.016991104575534], [44.61911893872275]]
[[9.18788980376523], [53.07662289163775]]
[[8.15392445151059], [81.92426662930397]]
[[0.8988454235024246], [-2.436217753217399]]
[[3.666058049176222], [7.585687138194792]]
[[8.531033550463556], [11.584441597840007]]
[[3.1410838247053876], [27.12813639560672]]
[[6.062390034144035], [54.88295563833771]]
[[2.4822327087332074], [8.365386481418238]]
[[8.793991960642835], [4.706769474615514]]
[[2.0199065970833074], [12.50947892825598]]
[[0.7779917366327294], [34.387578806957634]]
[[4.646418882859676], [14.867341096337523]]
[[8.346215763151335], [42.38240390574568]]
[[1.0754837297212916], [-26.468498329380246]]
[[2.7105797700123646], [-11.91150094939647]]
[[1.4415323471630603], [3.506900089178033]]
[[8.933362897912234], [46.88357360075013]]
[[4.157119939104249], [39.68565789470964]]
[[1.5631862387028472], [17.518031678520995]]
[[7.2787241944984595], [54.01762650173925]]
[[2.365113391591577], [5.273903174484838]]
[[7.354404684601149], [19.960541641475515]]
[[8.906369903371422], [43.298139007410825]]
[[4.846448584988466], [45.766062874680614]]
[[3.43004531354988], [9.090032402346909]]
[[1.5109702583548668], [18.361830459240483]]
[[4.528297298094699], [5.664039005065425]]
[[8.187830202368321], [67.96585395107208]]
[[7.029155690418619], [18.733992001374588]]
[[9.260383893301183], [37.79728765142461]]
[[9.638432674301413], [33.92454293783924]]
[[8.834270126022187], [82.80892441830636]]
[[1.9047395979072623], [2.7023996063975266]]
[[2.129887185148723], [25.101052789709883]]
[[2.872065645671702], [49.10434938181275]]
[[7.429291641489718], [30.869477670675785]]
[[1.3660705261191408], [-36.84204320564918]]
[[4.257956096153858], [-17.39345082265206]]
[[6.8783308257502895], [42.75299482725825]]
[[1.7752376774957812], [-13.969448418876052]]
[[2.3406622770731564], [-24.922355622817477]]
[[0.5256521044176843], [-0.5164477782985637]]
[[3.2549622936053204], [21.01884045374395]]
[[3.4708245486690146], [17.157030170584196]]
[[3.8225761372651412], [36.034324981212016]]
[[1.8743990060577231], [19.665738272057418]]
[[1.805139356394726], [0.3433327052800068]]
[[4.847539526757658], [59.90754344693898]]
[[3.8243066937935377], [2.7438201659287587]]
[[7.50778782285185], [64.07850290953687]]
[[8.075307298317288], [36.59525634384048]]
[[0.33806031006052284], [-10.202504384201335]]
[[8.569773510833757], [42.431275554811414]]
[[9.648611902715844], [79.94416470773571]]
[[1.0338191673097463], [-16.07780371439588]]
[[5.274922216431577], [40.41997142761674]]
[[0.14549406903564988], [-3.7314844602651687]]
[[2.3270492683804855], [6.584121931529835]]
[[0.7575362859519197], [23.59084921029622]]
[[4.409899435154646], [7.6601332552103925]]
[[3.827877121730391], [10.603799865622268]]
[[5.435340425039229], [52.02417438179629]]
[[8.623078249487424], [39.68651963492927]]
[[7.290823031277337], [72.49923370083643]]
[[2.7294537296230734], [0.38640135901206385]]
[[4.699896387939331], [14.370757827110118]]
[[9.207769733484037], [54.94675940088927]]
[[3.668721686662224], [36.925843473865065]]
[[4.718714522324703], [32.210615806268734]]
[[6.225866896957806], [50.08056211854668]]
[[9.503232664369975], [29.586576762158256]]
[[0.9005319828092517], [30.58937260369009]]
[[1.975920334907989], [26.571857675792412]]
[[5.498245555117003], [23.730959753251945]]
[[0.7343005345339304], [-15.540644180047657]]
[[8.955999310971434], [55.439647242513594]]
[[0.1103536552338269], [7.210977125087898]]
[[3.438195551504003], [0.7822392032279424]]
[[8.50242011196903], [14.030839791770688]]
[[9.826330845322493], [22.306280853736606]]
[[1.0889691781573185], [-6.989877374171701]]
[[9.597296938018262], [27.793858830033724]]
[[9.443737223325483], [66.37554901210098]]
[[8.986034928029799], [52.45274518301188]]
[[8.337323807703617], [51.08741973385099]]
[[2.6373106396280175], [-2.030616820079193]]
[[8.055737117784771], [58.62683629792019]]
[[8.969489945405149], [39.159505005000675]]
[[3.6496734377971474], [12.447693601501015]]
[[6.694875891870291], [65.8376944482876]]
[[8.6517002079403], [65.2645348952988]]
[[9.730866971135137], [46.642307307527474]]
[[0.20868089437102277], [-19.25547006486181]]
[[4.466323140698504], [30.929624743792722]]
[[2.493477707427431], [18.884678388712413]]
[[9.688975128860958], [36.96283296712094]]
[[6.972495242913156], [34.426473862812095]]
[[1.874811643863058], [31.822992889268097]]
[[8.46886829112106], [70.80238197077283]]
[[4.0544019892047345], [13.85563423728646]]
[[3.729078536262623], [-5.7873697617021955]]
[[9.417111176167579], [51.1963202404604]]
[[4.848747664533429], [-14.274706064752571]]
[[9.788909368744585], [62.53162412516888]]
[[7.621726464997605], [43.16820841970178]]
[[2.006701266785708], [36.52203787145277]]
[[7.146233788408839], [39.221335573856784]]
[[6.081779973017236], [16.897985016506937]]
[[1.8103557073034449], [-35.871589959799614]]
[[9.685675731344777], [11.848670243998185]]
[[1.787786555343186], [32.917257460941975]]
[[5.617326777258253], [15.733067346888747]]
[[9.76530938766783], [48.57859264261001]]
[[2.9709549882102504], [33.11158534741057]]
[[8.909351276210131], [63.72764109318631]]
[[4.927995974738306], [30.2032873914942]]
[[8.591172344617979], [26.448923985470223]]
[[9.81408852812206], [36.581836169129744]]
[[9.725745187950295], [23.377521571792006]]
[[9.565620883485689], [34.973866623574196]]
[[5.308812293744737], [61.00055796812363]]
[[6.657650600232133], [18.27795084329081]]
[[9.855484302300447], [43.4596286661527]]
[[1.7045445519357572], [14.722271224847647]]
[[2.596977213551468], [-0.06892039004274167]]
[[8.956631776164999], [18.91798127349243]]
[[1.0586337704421533], [4.335595869051656]]
[[0.05730559413504088], [-24.11819399166289]]
[[8.87028704319871], [19.175593062617512]]
[[0.11104264600017899], [35.01411090508279]]
[[8.97983570699938], [60.71426982685173]]
[[7.591982154159903], [59.82253577499979]]
[[8.61555138209027], [61.25241021167989]]
[[8.927421712059214], [84.26577071731033]]
[[2.9209705108273143], [49.73787972608022]]
[[9.60893301177816], [85.07736194805604]]
[[2.0274156332174096], [26.395930244769833]]
[[9.212567327358007], [75.88275411485044]]
[[8.497690996724042], [56.76297683771713]]
[[7.908809831840504], [17.755050454363072]]
[[4.8273707811929185], [28.988158782437722]]
[[1.9824818675327083], [11.996023758655856]]
[[2.591103560204883], [2.537564680679963]]
[[2.1228356561963144], [5.211661673433073]]
[[1.160675901396998], [3.623122256827501]]
[[7.046616927428481], [13.57491799973252]]
[[8.512881492262899], [68.15833127760115]]
[[7.948733905965586], [47.376337976495854]]
[[2.5163673621916995], [16.51677144467182]]
[[8.492714262837533], [38.22066519925027]]
[[4.45344342628781], [23.299748526917526]]
[[6.645195573351105], [14.31498721484587]]
[[4.583715369001152], [-4.379074440369343]]
[[1.1644713517910232], [-0.6956792991282521]]
[[3.4974665300808616], [75.53543125254218]]
[[8.460944063745186], [35.04834925106921]]
[[1.272008158436948], [-23.06263640794283]]
[[0.20843943089938088], [-33.41209078333146]]
[[9.797846161568614], [19.13989253095052]]
[[7.167308469511609], [36.04815689816415]]
[[9.006371133970596], [25.909486667702684]]
[[2.883423033065929], [-1.9055907247946269]]
[[2.1933012668993723], [6.50212330041901]]
[[4.461143305304013], [22.51764386986535]]
[[0.7791941427926585], [-23.486465802048627]]
[[2.630462382728683], [11.571690604371613]]
[[6.532156234312202], [7.9902598374348335]]
[[6.943000782941114], [22.287086266747167]]
[[5.961438222715665], [40.150330687598576]]
[[9.74100091630721], [68.88366177075308]]
[[2.029400265053077], [50.776180625208724]]
[[7.761170164187173], [38.25246471862199]]
[[4.529598287800494], [46.77945198231833]]
[[6.037563989697743], [3.414008603476503]]
[[5.375663407946059], [38.533116224538674]]
[[0.21562809871277344], [63.85305855102641]]
[[0.40737174988153435], [8.823306749182407]]
[[7.8538183658101115], [59.25691901545788]]
[[7.3190174167345265], [8.562223216853946]]
[[7.9948471594206705], [45.52649922320381]]
[[0.7363626491588582], [-25.374094951609532]]
[[6.9296459191491], [-2.261651867848082]]
[[8.432665248436175], [26.45518273721477]]
[[1.2497975001353634], [-17.397320112513025]]
[[6.745961510469497], [41.18620376407758]]
[[4.409866630786576], [1.5549267586271007]]
[[6.6725105505317694], [16.725994943609]]
[[7.447509593830034], [60.962179990097624]]
[[9.916437188501494], [57.4277195426611]]
[[8.006979169369892], [38.54971661519791]]
[[3.6437936351469946], [25.397750650731062]]
[[4.2418705382290085], [37.5121943190465]]
[[8.5501915978585], [40.71959534767296]]
[[5.020145237855653], [17.273170904106088]]
[[6.748404810451845], [32.023980600332095]]
[[5.931575079329088], [51.995622408072656]]
[[9.100799963215948], [37.69443158772331]]
[[6.383274364225966], [38.47595060190242]]
[[2.81259327943269], [15.767526379924638]]
[[5.8586776562821985], [19.291127581866142]]
[[3.307088799595872], [22.280606583137455]]
[[7.399757590460792], [18.475753241835744]]
[[3.69370429450803], [28.10535854831817]]
[[7.7305964527548445], [47.57901391485482]]
[[1.6988911001957552], [0.07241158206796672]]
[[8.319767659681464], [32.835554933062014]]
[[6.190313631817884], [87.00594563966747]]
[[3.026323296164067], [17.266506643746844]]
[[5.484744870353307], [36.03593374524982]]
[[1.2806652744698421], [-9.09137317124875]]
[[6.013177250320329], [48.52196007018655]]
[[7.1317838842524655], [36.31005005707061]]
[[8.051229547389152], [57.78081878262149]]
[[7.383816382624618], [37.78817037869924]]
[[4.214991041150398], [37.31608861135604]]
[[5.062175435306236], [81.66561776398368]]
[[4.59148283494518], [83.63394442325948]]
[[8.672548510960207], [78.32853797992539]]
[[4.421081995841095], [55.733312635728396]]
[[1.2481754207797413], [23.547865089438428]]
[[9.360885950311417], [61.63502189095658]]
[[4.21228598950997], [3.16204650751637]]
[[3.490609120229735], [22.962605216566217]]
[[3.385536156282014], [38.47324279630292]]
[[8.291235149019894], [33.889035169044135]]
[[8.443673266960998], [39.785077689973676]]
[[0.1419246306024169], [58.81480808707774]]
[[6.010090080574151], [9.15204672182503]]
[[8.245110134458466], [0.9436714646878361]]
[[9.371416034812924], [20.640064318577608]]
[[8.928105200277393], [70.73053979374096]]
[[2.6933852646740153], [14.85703691519636]]
[[6.624969214895568], [49.12585639398856]]
[[2.3119136561804545], [5.854987477971048]]
[[1.625739818000148], [0.42576431161443806]]
[[4.599998105061883], [23.3693509576483]]
[[8.85953003163596], [11.90466775595498]]
[[8.849648097487485], [38.044149805953396]]
[[7.777298118361248], [26.635743260957607]]
[[7.836127978997673], [23.160799479422096]]
[[5.1530455535611175], [31.819284235871624]]
[[9.4300306240366], [53.41007463783529]]
[[9.792149820050774], [67.00385683484585]]
[[3.625188535992997], [2.954409426778671]]
[[6.110569958966642], [41.8054744767267]]
[[2.6913887817585493], [8.429141197093278]]
[[3.0456714130345963], [25.71483525624232]]
[[5.926597545978654], [47.93558573608567]]
[[3.815407547664016], [20.27429600134248]]
[[6.703085069599275], [31.63640461792912]]
[[8.355591232097122], [50.56567711668815]]
[[8.756938671999627], [85.05682489609329]]
[[2.375345891377749], [-17.81670610301164]]
[[2.493346745653745], [17.017088000100514]]
[[8.615659425986447], [43.312269969378576]]
[[5.001646635648505], [46.58652824891815]]
[[0.5606901965088307], [15.403115516850974]]
[[8.974133912959939], [36.27251347195046]]
[[7.582053201005138], [23.954479676006493]]
[[8.599351524660946], [53.52929494333892]]
[[6.592481126941273], [24.74121338974936]]
[[6.040559567751366], [-3.4082446576619745]]
[[6.851543918172247], [1.9948790614063685]]
[[2.4355316698894383], [24.049106649289673]]
[[7.997734725241278], [49.155032110492925]]
[[8.43373366349954], [57.7016159133016]]
[[3.4032031676435404], [48.209249069582974]]
[[2.0090847947749024], [12.327119003913202]]
[[7.530069097700894], [38.149183080243894]]
[[9.619627542649607], [54.82395422222435]]
[[4.927270578782526], [46.53395237794213]]
[[0.7605159827705488], [24.588781235941457]]
[[9.748594779918683], [72.08595812506977]]
[[2.7845365073754467], [22.934614225165426]]
[[2.4603755167181007], [12.00825667357023]]
[[6.94604655249541], [1.8211442905932298]]
[[9.602806047717765], [73.65328837900631]]
[[7.5007227628096], [51.37321705833652]]
[[0.1291279950616253], [-7.396950808763803]]
[[6.774660894131122], [51.83640012054808]]
[[6.787387855408057], [31.81115041551974]]
[[2.103983727341917], [35.628497377042734]]
[[9.42850257395519], [72.74691053544716]]
[[4.717403335643585], [21.966277956009]]
[[7.015709816550166], [34.336437714640084]]
[[3.4333000468864485], [11.34515930964374]]
[[6.410671359384594], [16.720355111096683]]
[[9.332137148176294], [10.20274229292766]]
[[4.803403616111717], [30.434116411151603]]
[[4.809133029997353], [25.670428544022833]]
[[9.508020819296522], [5.2320688995912485]]
[[5.408351334521755], [49.56707712680438]]
[[2.597824450169963], [12.313555146522091]]
[[9.219959888677717], [59.948218277160485]]
[[8.933999847242298], [48.156932901211476]]
[[8.183539117662319], [50.00768480336893]]
[[2.4610364542755816], [40.99672876763748]]
[[4.78388836505858], [17.523060508948326]]
[[4.290367676446315], [-5.671539336170729]]
[[9.823442547567357], [66.6281540117045]]
[[2.043102847624798], [24.838801347294364]]
[[3.1571283345392964], [1.1145930485378306]]
[[4.706977828412089], [11.613476234731973]]
[[4.432162190955483], [16.903654039328462]]
[[8.441161355867239], [26.145267751014035]]
[[1.37031480007473], [20.613661356311525]]
[[2.8171504139089976], [39.548184817410636]]
[[4.3181390785815275], [54.68929630660155]]
[[6.82192450036821], [53.120512377135746]]
[[1.6564525018015674], [9.339941418939766]]
[[3.1488212288741635], [41.828229676802536]]
[[4.460617918199171], [10.504900397777412]]
[[9.17661757776678], [65.56728288835438]]
[[0.10580699697470886], [-2.229941178282401]]
[[9.431474712824043], [69.2840884477175]]
[[5.527504958528636], [2.750661527618072]]
[[1.9347715531597853], [-13.085164292489438]]
[[9.703942180524995], [63.102817785423724]]
[[1.0413630975026467], [2.9189395967611924]]
[[5.5025355029154674], [1.3571193570721616]]
[[8.519407435144258], [38.602176789125814]]
[[9.552936484563736], [82.45167233849226]]
[[3.6930057011786053], [-7.511431918891932]]
[[3.0604531324931195], [11.932413319167042]]
[[3.2807142439947015], [36.13303096528594]]
[[6.123130361880634], [9.049044760611634]]
[[1.6501522698417137], [6.16153312699578]]
[[1.900977993890981], [51.49550903885193]]
[[0.5274559234773335], [14.41997354699642]]
[[7.746271557742695], [75.32086861265518]]
[[8.796525877303765], [50.22302084181331]]
[[0.6603643756119482], [14.696612173059743]]
[[1.3123352121032117], [10.83064394189366]]
[[0.04979237383854751], [-1.27720715982875]]
[[7.7312236184399215], [44.94244129100787]]
[[7.192110931879294], [61.234979700963834]]
[[6.9944565892025885], [44.043819178431676]]
[[9.143968344025977], [21.241572823459613]]
[[2.390232274402692], [4.722993683318545]]
[[3.442492166615294], [16.708259490363126]]
[[9.537824929513498], [106.90936712533906]]
[[4.455881373396956], [6.809873107452473]]
[[7.894185232962274], [28.808388882630734]]
[[1.5802569487326268], [32.114943078383725]]
[[4.447801606528118], [49.15653731373572]]
[[5.126701520877336], [13.239702972623878]]
[[1.1671796664478606], [44.72050540673414]]
[[9.295462589448773], [24.252257494435632]]
[[2.7875770251154774], [35.61156331119557]]
[[9.284441486336917], [64.7099248593629]]
[[3.9112202243845284], [8.404591463662667]]
[[8.50518622986826], [41.714943395789675]]
[[1.2194226907908146], [-9.447182673379489]]
[[2.146907750166931], [6.399267066580958]]
[[3.2608714076179046], [22.986409337894237]]
[[1.6198954224249584], [40.422404644574456]]
[[7.321210252117899], [66.33153499291461]]
[[9.928608955305238], [62.455859430624585]]
[[5.531014785352105], [34.783876454721394]]
[[4.188917344758187], [4.753209770158497]]
[[1.2641016683481898], [-34.50028672332751]]
[[1.4970159220618129], [-16.466972590161735]]
[[8.184146800498839], [49.01638174575901]]
[[8.61849337249395], [50.33625264498656]]
[[7.4630413629138275], [62.83683134104041]]
[[7.11071098041495], [22.496621204830543]]
[[9.144426892723068], [10.118940733087387]]
[[1.4697738885015343], [20.596166066752286]]
[[5.307993926916565], [30.963232111451795]]
[[1.9469737687838307], [34.37270743744643]]
[[5.156044780087445], [43.89182104313191]]
[[8.614330871298728], [55.66590617761084]]
[[0.27860302344652865], [-5.472054586811887]]
[[4.910235640136646], [12.755759028135701]]
[[8.558609250494447], [46.58551116454578]]
[[2.9922563137661404], [13.455544174165949]]
[[8.690867342780821], [92.12184975123299]]
[[6.8766085805822605], [54.722292713502945]]
[[9.798965309332441], [73.31220348258981]]
[[1.5927349663933188], [48.42948530559911]]
[[3.938182028104742], [44.82027340638032]]
[[0.4488618243459874], [-33.85571127341106]]
[[4.243260986588449], [29.425735401879557]]
[[0.36557455297250296], [7.60528868940977]]
[[4.627119365561506], [12.068988094197241]]
[[3.010843562785639], [10.471294903795362]]
[[1.9743629764664727], [2.563522787480701]]
[[6.6210325519668745], [58.13424528679076]]
[[9.363389825132773], [61.655832284378164]]
[[4.0048926781206164], [-2.641574551503109]]
[[5.3526069847185385], [11.738000067808757]]
[[8.473943781431597], [16.186325677186158]]
[[0.6850803050816134], [-16.524398015734935]]
[[5.81153595499293], [74.82923130738158]]
[[4.336316477001461], [33.282063024012515]]
[[4.6607781750488], [38.42594166314506]]
[[6.789497177588542], [65.74954342580114]]
[[2.1837579637317592], [-21.452034405672393]]
[[8.958226785897438], [64.78578340522085]]
[[2.2544388807682], [-2.437319548936268]]
[[6.114974090112639], [77.72321655297503]]
[[7.046875609673853], [42.36226864747536]]
[[4.909396778485878], [54.38061616567643]]
[[6.433656425074917], [54.48704800613696]]
[[7.656828106783953], [22.197743958451937]]
[[5.0731785307480095], [9.579569113157774]]
[[1.2543198061408167], [41.81221815217522]]
[[5.379276640601088], [21.875316211164858]]
[[7.3508002274377215], [44.716719130789755]]
[[4.93436178387173], [12.637391091308949]]
[[2.8839385406275575], [17.82142533683158]]
[[5.442906950096687], [15.927031089151107]]
[[7.325560954739779], [-10.296495122081014]]
[[0.4999100380622057], [35.629816760922076]]
[[6.76282738554698], [37.76473618119009]]
[[2.6420423655625394], [-14.783852716374618]]
[[1.8181630033594298], [3.422668314320039]]
[[5.740144525117367], [24.804796902935184]]
[[8.383274892940424], [52.84398842992908]]
[[7.914477038207862], [47.524413225023686]]
[[0.09571378052649959], [-12.967817190867976]]
[[7.897956377879581], [31.898524534304467]]
[[7.771514446618216], [33.42396455188919]]
[[8.068251955408105], [34.060304865635246]]
[[5.507114712682457], [29.067749928273294]]
[[7.185257036451301], [66.94174553898847]]
[[8.069475811171849], [18.388603904090715]]
[[5.948945048866956], [46.77407162979844]]
[[5.94586268535166], [33.8270139810513]]
[[4.039085625237028], [-6.9537357888583236]]
[[2.1110884441290545], [41.777778481103084]]
[[0.5637203810784464], [7.820888319144953]]
[[2.981561598749755], [36.59933521473512]]
[[2.3051633456394516], [9.688660837052936]]
[[9.432156496152137], [62.20450179200939]]
[[5.120497083962297], [67.58120862172012]]
[[0.397133005866922], [-23.275177498714925]]
[[6.77348839900776], [25.743640635393543]]
[[5.63759875419156], [36.10549931547563]]
[[7.412697484464735], [40.46315753335505]]
[[7.725643288479405], [5.070528267459375]]
[[7.962260006039173], [38.71198509433739]]
[[7.166300307934296], [47.21893989425605]]
[[0.22907656218386974], [-12.020362195485252]]
[[2.0079884491748445], [11.067261892470324]]
[[8.226381408246816], [55.034651195845676]]
[[2.697160972439603], [12.9054549710716]]
[[4.201435073835789], [-3.8566284457268867]]
[[0.7191090383725585], [33.197759583146414]]
[[6.852308016632246], [35.60728761526811]]
[[8.508094719275764], [54.92983106932969]]
[[2.690643264118905], [23.854984486074112]]
[[8.99188960377921], [41.60952797220094]]