[[4.4044049131397545, 9.060772692763587], [0]]
[[7.926740818299124, 5.493570925113], [1]]
[[9.893286788228718, 7.06767055985123], [1]]
[[4.609529176810888, 8.370957470886056], [0]]
[[7.606862302961488, 0.693705440775183], [1]]
[[3.5631299471815234, 5.971662552280176], [0]]
[[7.695923926232106, 5.16689841354461], [1]]
[[5.009529868982842, 8.11996052436468], [0]]
[[8.832012339223233, 1.9799302717907785], [1]]
[[4.994306232543125, 9.654901035904373], [0]]
[[4.972485063628519, 1.6933158172714646], [1]]
[[6.51884596070338, 8.551825651635752], [0]]
[[8.960745348807402, 1.772781727323104], [1]]
[[0.6355695746835721, 3.7738359421962397], [0]]
[[2.238259264691073, 8.931301393617613], [0]]
[[5.264291042182185, 2.4631479724437435], [1]]
[[5.287650667736595, 1.4162784622417268], [1]]
[[3.5030481740525774, 1.2039355557016829], [1]]
[[0.7567027525703962, 7.949190961395755], [0]]
[[2.9516673707290906, 7.201590887395093], [0]]
[[2.3240561224077148, 5.598985526461506], [0]]
[[7.069420227523135, 4.617728142565638], [1]]
[[5.712814325434296, 2.658409222138264], [1]]
[[1.8531637577010396, 9.524625925997515], [0]]
[[6.056001932506209, 2.4782673667571444], [1]]
[[5.0956733832249945, 9.371890036493765], [0]]
[[5.478959985730811, 1.4910159831468872], [1]]
[[8.516289470477131, 2.2011441745373936], [1]]
[[4.432666278015875, 8.461022333564754], [0]]
[[6.849374736863129, 2.2198520020838473], [1]]
[[7.946616573592484, 0.5169545207481308], [1]]
[[5.182208315437904, 0.6272010341323542], [1]]
[[7.918806467045572, 1.8873536390601664], [1]]
[[1.9756303028270372, 9.941328569011375], [0]]
[[0.288667634339862, 9.689731737662829], [0]]
[[2.5628898514300955, 7.1997599011117295], [0]]
[[1.2309087101360505, 4.140156707743646], [0]]
[[7.192256512412958, 1.1209431434390094], [1]]
[[6.138156531332796, 1.0285601232784503], [1]]
[[3.549576316330824, 9.465208299414108], [0]]
[[3.71343247298473, 1.5445242872239928], [1]]
[[7.93865006207681, 1.0982231869933556], [1]]
[[8.78633870856633, 0.5040673115241823], [1]]
[[5.348088550155781, 8.030229494856673], [0]]
[[8.750473286930951, 0.5067341617633592], [1]]
[[4.943300289214219, 2.7921023034469417], [1]]
[[5.77571809696506, 1.4596802347203053], [1]]
[[8.115962282814472, 5.3988322810347436], [1]]
[[0.09018128560511207, 7.979431024349798], [0]]
[[7.064002608302609, 1.7388785174170784], [1]]
[[7.149240182788366, 1.6434508638297196], [1]]
[[9.095779260346633, 3.400482001461196], [1]]
[[4.31534100877202, 8.505907285777264], [0]]
[[2.1204908498231214, 0.035996249683408754], [1]]
[[3.9962031226973016, 0.7714021374592805], [1]]
[[9.005371340529079, 6.903156711228461], [1]]
[[7.400936549334221, 1.950767571854134], [1]]
[[9.917010148254773, 2.1099453896103917], [1]]
[[5.660322861888826, 7.920320948812103], [0]]
[[2.092981984136345, 8.306068252215177], [0]]
[[5.807731363049205, 3.768460524955284], [1]]
[[1.5923470564180253, 6.99988324429332], [0]]
[[5.483363817224134, 0.19942810719844717], [1]]
[[8.239769464076351, 4.711937782682303], [1]]
[[1.712773591272142, 8.22772294303135], [0]]
[[9.085614902323922, 1.1510141514204608], [1]]
[[7.25216313288527, 9.867752789355412], [0]]
[[4.651301599665409, 6.711401555224937], [0]]
[[9.360840856321547, 5.72051773250482], [1]]
[[7.6121616118875846, 4.135771070436006], [1]]
[[2.4917707521516785, 4.694673384335387], [0]]
[[2.444111009335633, 9.682948870577533], [0]]
[[3.1984259050537824, 9.912170788315406], [0]]
[[0.15790378846188613, 3.3587571827028775], [0]]
[[4.415608905456134, 9.132756719095145], [0]]
[[8.368075064853747, 2.3694822513472955], [1]]
[[6.734252195396443, 2.330333377624907], [1]]
[[7.284248649498256, 4.82285581258939], [1]]
[[9.972862936487376, 1.7673541911531077], [1]]
[[4.195398706102114, 1.666240860267466], [1]]
[[6.977568489730332, 4.352738058812222], [1]]
[[9.11522818901658, 6.975798397444255], [1]]
[[8.439049171317869, 5.71867118165561], [1]]
[[6.650146924276922, 2.3785432540224525], [1]]
[[6.228843353639032, 8.724323380631041], [0]]
[[8.629753481311099, 1.5070947713680594], [1]]
[[6.0228671242881155, 3.781405718310725], [1]]
[[0.5703725756529798, 7.031243328088781], [0]]
[[0.31476020527834603, 8.942882004363225], [0]]
[[3.4861185654604476, 8.022731048768156], [0]]
[[2.5694557732966294, 9.327353302425113], [0]]
[[8.923059827539001, 0.6436446838791732], [1]]
[[1.4371137750526752, 4.939076447103609], [0]]
[[2.6590739536022348, 7.684036295766596], [0]]
[[6.602210609810781, 4.057384095794561], [1]]
[[4.159683191138929, 6.748517662619188], [0]]
[[5.216716860317149, 2.4837481023837125], [1]]
[[0.911463372338277, 4.9655057899662385], [0]]
[[0.4637325577848661, 7.395923574805847], [0]]
[[8.049430784273829, 2.395394595456467], [1]]
[[6.411445961739234, 3.1091369982057127], [1]]
[[3.031372293981053, 6.017816990036209], [0]]
[[2.935039954877545, 7.0792408906926285], [0]]
[[5.524747152906771, 0.06252183146789547], [1]]
[[6.274596474367837, 0.716563865681944], [1]]
[[7.628261684018516, 2.744088939135695], [1]]
[[6.213659097066504, 3.428677504733276], [1]]
[[9.415304794965486, 6.001641622824771], [1]]
[[8.904881442314252, 4.81942168403084], [1]]
[[1.539020056322148, 7.063786040841756], [0]]
[[1.3634814708950926, 5.7663581175359795], [0]]
[[1.9995157420149057, 4.276054127960014], [0]]
[[7.839083480421606, 2.890323846598667], [1]]
[[9.607534507005097, 3.9574592294902002], [1]]
[[4.089754884935109, 0.987400272655099], [1]]
[[0.030576063332453662, 4.997061738120619], [0]]
[[6.209677134219325, 1.4226872688630587], [1]]
[[1.02131159243938, 3.3015160558106063], [0]]
[[1.8051885514668253, 5.382184780196933], [0]]
[[8.095889214326764, 5.256827282958927], [1]]
[[7.470039797484965, 1.9422354647809148], [1]]
[[1.7399588531937349, 8.733642256426998], [0]]
[[2.268974890045603, 5.558479469812609], [0]]
[[0.12734468502225704, 3.7295147370228756], [0]]
[[1.6468363448237822, 6.738376306917427], [0]]
[[6.207675083392741, 9.973430209342677], [0]]
[[3.601795930775593, 7.0688922409914445], [0]]
[[9.410145485654914, 0.8782619905022104], [1]]
[[4.130469234930729, 8.162349944630368], [0]]
[[9.9470333411785, 4.3615929489504985], [1]]
[[8.360247837491384, 5.66786041481402], [1]]
[[7.01511996902743, 9.194524846077673], [0]]
[[1.4822781138689223, 4.7035084921025785], [0]]
[[4.065851573260772, 8.26250768140511], [0]]
[[3.1001306641305315, 0.6943617191898566], [1]]
[[1.4385971309414392, 4.941133233872767], [0]]
[[4.71981324455381, 0.4047727172425042], [1]]
[[5.167339908442031, 3.048392178203833], [1]]
[[8.063951594258935, 4.673528386764906], [1]]
[[3.065853046386432, 7.121729075177678], [0]]
[[7.76300370435147, 4.427035934474412], [1]]
[[5.399077895555754, 0.42838670788930777], [1]]
[[3.7966815072300877, 8.808566049073956], [0]]
[[4.304968137399862, 7.682718150527805], [0]]
[[4.640903364530411, 1.096884143551331], [1]]
[[6.201997656665171, 0.32237572278687066], [1]]
[[7.338722540752249, 0.09470984858081066], [1]]
[[0.7413777722441528, 3.437291512671531], [0]]
[[9.638834340199336, 4.352636974548917], [1]]
[[0.965548063750642, 7.465191910802248], [0]]
[[9.803991707321819, 7.52210147531247], [1]]
[[3.01723598158706, 6.953983148111633], [0]]
[[9.073880956304077, 2.0093079960541793], [1]]
[[6.9775706139633815, 4.924715454624323], [1]]
[[3.8172286273054814, 9.194942058648664], [0]]
[[0.5755711731657109, 9.80105523981652], [0]]
[[6.7376339777187475, 0.08444805276721867], [1]]
[[5.024310621932926, 8.681265967990864], [0]]
[[0.2901238149964158, 3.591106972622311], [0]]
[[3.3294376184844166, 7.040067564313635], [0]]
[[9.217789455422945, 0.17090004547771986], [1]]
[[1.583231820574228, 7.698934974041074], [0]]
[[8.348200633823218, 5.577451489515452], [1]]
[[0.6523112057717662, 5.342232411292107], [0]]
[[4.847974342953776, 8.770019488320571], [0]]
[[6.050525689114947, 8.948334948322511], [0]]
[[2.290551672451336, 9.508570055252804], [0]]
[[7.266751671252079, 9.531241692616252], [0]]
[[7.289787206650712, 5.147987597081142], [1]]
[[1.3639094120439332, 3.909132231932877], [0]]
[[3.4355261901732224, 6.576696863546896], [0]]
[[7.720515308469393, 0.37929650714183083], [1]]
[[7.702000096102951, 4.29356699336576], [1]]
[[9.713029931251247, 5.575053482952049], [1]]
[[4.874433552503689, 6.956620644047954], [0]]
[[1.6111214152212894, 8.456043966544891], [0]]
[[2.2934036191784104, 5.565462364790694], [0]]
[[9.970034001690838, 0.4279887323398379], [1]]
[[3.9609883460406357, 6.482369769352815], [0]]
[[8.831392008670262, 0.9434136586805453], [1]]
[[7.245891925817064, 1.640550617894455], [1]]
[[0.9605723979673253, 7.0202309485495915], [0]]
[[0.18257609021449128, 3.0513080896031184], [0]]
[[0.3355758754075977, 7.93486654847972], [0]]
[[0.7599847263187454, 4.409329237888121], [0]]
[[8.335318080477586, 5.377248575702216], [1]]
[[0.9820621873721369, 3.329154318862119], [0]]
[[6.787937739674083, 3.075530933126105], [1]]
[[6.2138252148974, 2.583550644219353], [1]]
[[2.9062889321374974, 9.726937276543783], [0]]
[[9.80539253286755, 0.23914445023735853], [1]]
[[0.5142681199613697, 8.026883095317876], [0]]
[[7.242553482036445, 1.0842915880481818], [1]]
[[5.956687199099947, 8.329997132727925], [0]]
[[3.739612735016892, 8.629692421390384], [0]]
[[1.5846903895092557, 4.0793188835528955], [0]]
[[9.581361660047433, 3.7215436952554546], [1]]
[[9.150662061460878, 0.058535065686859955], [1]]
[[7.63024871786794, 9.787382052542302], [0]]
[[1.4333091283377863, 9.103555657521099], [0]]
[[7.163335212373413, 9.8187740837129], [0]]
[[1.1766187682097318, 4.315172404131066], [0]]
[[7.230512802307355, 0.08748709326943382], [1]]
[[5.128491763472245, 9.669562636639519], [0]]
[[9.040263044521804, 2.1688937723140334], [1]]
[[3.396455897631916, 9.712709613615328], [0]]
[[7.8333987378904135, 4.151871440080605], [1]]
[[0.3419446228028977, 9.16011492254693], [0]]
[[3.9558818435733434, 6.498528015008987], [0]]
[[9.705453282645715, 0.4482870267094663], [1]]
[[0.5973826686684391, 2.678000321729439], [0]]
[[7.045073404988238, 1.8889819327608992], [1]]
[[5.5856059847003605, 3.105909006029365], [1]]
[[2.8237155750655196, 6.138774411124976], [0]]
[[6.533756554536342, 1.696184115430892], [1]]
[[4.4645563040958525, 0.28371731429977065], [1]]
[[4.236774433003907, 1.7796540837221841], [1]]
[[5.279710108277947, 1.427858149150485], [1]]
[[4.5821909713608076, 0.42599677357235133], [1]]
[[0.47019291101454086, 4.717109564647195], [0]]
[[8.789622135345633, 3.3787045637148836], [1]]
[[9.767399960211659, 0.9496657074809478], [1]]
[[2.1601386143835075, 4.821211981270949], [0]]
[[8.7555727689959, 0.49390633079507973], [1]]
[[8.466255492359343, 3.7461709611810647], [1]]
[[8.827250648057229, 4.938707034611828], [1]]
[[4.768633216159134, 7.948144012313213], [0]]
[[0.5918756369023181, 9.996985563303259], [0]]
[[4.608489599960132, 8.704475393583872], [0]]
[[9.588772270689542, 1.4983921600227113], [1]]
[[7.698088971568728, 2.9928380926413958], [1]]
[[1.3960523959446758, 6.864836151242506], [0]]
[[0.32093427459170654, 3.26230852029615], [0]]
[[4.072954473288272, 0.11275809880699206], [1]]
[[2.157785346566039, 6.092286202194831], [0]]
[[9.390455389703385, 4.678970010690918], [1]]
[[4.292657544455544, 9.13431903145637], [0]]
[[4.007528237445689, 9.723111788276583], [0]]
[[7.286212073049563, 4.251618003175461], [1]]
[[6.366370681167232, 0.4107923638832922], [1]]
[[4.8753780945104435, 0.962138603812801], [1]]
[[1.7468812551300494, 5.603881569199788], [0]]
[[5.5746957216689585, 7.9320378332789065], [0]]
[[4.100080976253865, 1.858956946326682], [1]]
[[3.444044718777315, 0.6508601613104681], [1]]
[[3.5649520141586377, 8.85995506629966], [0]]
[[4.326658815551375, 2.1965513606567564], [1]]
[[3.2179229975454238, 9.042218897167878], [0]]
[[8.932728424515993, 2.823486257660134], [1]]
[[3.7292606130705375, 0.583627719773141], [1]]
[[4.4566843387128205, 0.9141694660814681], [1]]
[[6.13215032593609, 2.471369352527989], [1]]
[[6.024924183299099, 1.5415355247776885], [1]]
[[3.1019440008971957, 0.03428733307326959], [1]]
[[3.150870521574661, 0.16993332623983615], [1]]
[[0.9155817189504745, 8.62544685962479], [0]]
[[1.6217497722067309, 7.628156050404138], [0]]
[[5.887113230503926, 0.8837322184210805], [1]]
[[2.485673354833783, 6.450478403133747], [0]]
[[5.200768962979346, 0.278232153160467], [1]]
[[5.430562734617224, 9.67764179665575], [0]]
[[0.8515984836670643, 9.472866774566619], [0]]
[[2.6193902376134925, 0.050330495646723206], [1]]
[[5.403093533569081, 0.7445725107287948], [1]]
[[8.219009197575577, 0.9007148519339303], [1]]
[[4.424400904475888, 6.698831502175801], [0]]
[[4.745961303635234, 1.6020965423456834], [1]]
[[8.346773409284076, 3.679286509906101], [1]]
[[6.7391964731998355, 3.563434363850475], [1]]
[[0.7498806625121968, 8.558949013112912], [0]]
[[3.6324554126573383, 0.897447175179733], [1]]
[[6.057705474044664, 2.7069988561502436], [1]]
[[0.8905121259088, 5.056359671458725], [0]]
[[4.897579844060448, 0.3955182891474529], [1]]
[[9.355178304897846, 2.811934567215193], [1]]
[[6.691596427381116, 9.724055736272671], [0]]
[[0.39754195822122473, 7.259689729651141], [0]]
[[9.730810930349422, 3.987365833038475], [1]]
[[8.010257614052005, 1.8662843974472398], [1]]
[[2.8514590860619746, 9.767021932344491], [0]]
[[7.8357597096893645, 0.5459623785949197], [1]]
[[0.5525863560749988, 3.011389218694439], [0]]
[[6.353207435204936, 9.262327389475711], [0]]
[[4.18198885055285, 7.563014365190127], [0]]
[[0.012250389004839768, 5.083419001411568], [0]]
[[7.676264230953974, 0.32061301380043705], [1]]
[[2.199182728402133, 6.260467377448017], [0]]
[[2.0066548135909947, 8.39579143361372], [0]]
[[0.5173527693294511, 8.574398891073825], [0]]
[[4.25709755891163, 9.86112414381881], [0]]
[[1.2860689843473216, 3.850242918191932], [0]]
[[5.094270436122363, 9.031663346206926], [0]]
[[8.972782608967478, 3.084874861319121], [1]]
[[3.7002751299458883, 0.9764895402816509], [1]]
[[3.507841226305679, 9.435021761125673], [0]]
[[1.0907323362509092, 7.679834922329175], [0]]
[[1.3585695418338084, 4.919107992612649], [0]]
[[2.1627250952986365, 5.6723403801360615], [0]]
[[4.6848896822729795, 0.11801652665942575], [1]]
[[2.463263603832374, 6.534166708264824], [0]]
[[7.291659011055984, 9.993509807771153], [0]]
[[7.263841214043718, 2.797942598169232], [1]]
[[5.0902432359924905, 0.48367013269904335], [1]]
[[8.719157224937701, 5.830346975704264], [1]]
[[4.581910821880918, 8.821994587808309], [0]]
[[8.02313326497898, 4.417312389132201], [1]]
[[5.917902050937097, 3.1240270236305703], [1]]
[[3.1146435048584706, 7.272130326452576], [0]]
[[4.2601992419140835, 0.24954715871945088], [1]]
[[7.79139827158605, 2.3179771626456445], [1]]
[[3.1636605053233815, 0.7932141132770387], [1]]
[[5.818463994912502, 3.0530037548837607], [1]]
[[6.796448314066714, 3.7229903986654023], [1]]
[[0.8344387666378694, 6.757939276397168], [0]]
[[9.593141237010917, 7.039261747235294], [1]]
[[7.6789555061875685, 4.588963650787114], [1]]
[[2.131367414163842, 6.423066860662479], [0]]
[[9.68171377143656, 1.7063477072001498], [1]]
[[3.9993096436532816, 0.43831676477001147], [1]]
[[4.555446381691026, 8.080039382462765], [0]]
[[2.131279121647335, 9.933522971647191], [0]]
[[0.42284824576252156, 8.331213018762288], [0]]
[[3.9588942747928213, 8.198120279208979], [0]]
[[9.677583723699675, 5.971705382026888], [1]]
[[5.939818350002853, 2.9457795933484165], [1]]
[[0.22961650240193698, 7.204067849486701], [0]]
[[4.816969173327619, 6.965926080586662], [0]]
[[0.8010684787025601, 6.245653877849554], [0]]
[[4.596627296797651, 8.599737491213324], [0]]
[[7.987685719096628, 4.559506885140593], [1]]
[[7.111622338391335, 0.38261086872273586], [1]]
[[0.2585748772877161, 5.951065315179488], [0]]
[[8.499441488870637, 4.993579545853328], [1]]
[[0.4165387088994532, 3.588547177810181], [0]]
[[1.6478198588596304, 8.559172891422808], [0]]
[[6.477325037114451, 2.74366820626076], [1]]
[[0.029960456998219254, 6.297911684230211], [0]]
[[1.6265742365122027, 9.689387285836233], [0]]
[[1.2693411096223606, 9.809001598624409], [0]]
[[7.472687103969032, 5.446149218107869], [1]]
[[1.3229021084758819, 6.184383623812381], [0]]
[[2.3452259085851033, 5.5423400791438615], [0]]
[[9.111979440420626, 4.555417633207699], [1]]
[[0.8562896319991631, 9.464260087224996], [0]]
[[0.8416879526965282, 4.2888785367541535], [0]]
[[8.938643619980253, 1.7159727006419034], [1]]
[[8.22244069767719, 3.976759157765808], [1]]
[[4.90707169642169, 2.8453879072980017], [1]]
[[1.4173931877521317, 6.5914803502402455], [0]]
[[6.944595389802277, 4.178898635997095], [1]]
[[5.319016539614749, 8.076920343721891], [0]]
[[8.734992682027068, 4.782691359060287], [1]]
[[2.0670886267371125, 6.857347206570824], [0]]
[[7.1184582147708175, 2.5693922011458925], [1]]
[[2.072168307305138, 9.554293079704804], [0]]
[[6.8605719641705, 4.609176505022726], [1]]
[[0.3643396195592574, 5.604395296286667], [0]]
[[3.858117658126874, 6.961680478086803], [0]]
[[3.777603489701087, 7.301771809845147], [0]]
[[8.14895133835995, 2.4296118103221365], [1]]
[[9.41868704711894, 4.581674979404967], [1]]
[[5.653572620297247, 1.8507999070271475], [1]]
[[1.254531428347876, 6.489025130805553], [0]]
[[4.937885108581181, 9.239368122792667], [0]]
[[8.190864185834961, 1.3266037761036509], [1]]
[[8.026934902009108, 4.684701285460875], [1]]
[[5.077196455829547, 9.680711183706133], [0]]
[[6.933685751449802, 0.5214334516617847], [1]]
[[6.55209015896933, 8.808935898525194], [0]]
[[1.4489109898225938, 8.301731377580717], [0]]
[[9.360066509383907, 3.7417002923404774], [1]]
[[1.5789852020670803, 9.547194376597915], [0]]
[[7.811192617885423, 4.946057480716586], [1]]
[[9.062398692850968, 1.8734498180420756], [1]]
[[0.8467414687659114, 6.159613032285945], [0]]
[[3.2397730214395604, 7.1935444591444755], [0]]
[[8.278585968198026, 2.8687699371928908], [1]]
[[6.115487248142152, 8.620451126425895], [0]]
[[0.16611912772736326, 9.332863982088421], [0]]
[[2.269504355622627, 5.881180395811989], [0]]
[[7.886278009186228, 4.986867388538191], [1]]
[[2.2397671148373375, 9.874916119774785], [0]]
[[1.8308236387175636, 7.9218368574380875], [0]]
[[8.730318181426895, 1.5009826302610474], [1]]
[[9.672428261216092, 6.692724096379036], [1]]
[[7.117071673066785, 9.52573678919438], [0]]
[[6.5090043913859965, 1.3107449773922608], [1]]
[[0.3117249045545556, 2.9799951761231505], [0]]
[[6.776024323785018, 8.983879053233824], [0]]
[[4.691107943478094, 8.877855595512788], [0]]
[[6.098892003098814, 0.9136053090031826], [1]]
[[5.381552045479053, 3.036614874862712], [1]]
[[7.834841659249506, 1.6677407368432218], [1]]
[[3.949706127327799, 1.466746792744712], [1]]
[[8.942711978579736, 4.546251287987859], [1]]
[[5.096774458933638, 7.3270242654063145], [0]]
[[9.246649590938805, 4.500764253212164], [1]]
[[0.2892189853753169, 3.495974332427634], [0]]
[[5.338499844804444, 7.440215717503815], [0]]
[[8.135167947691054, 5.361624077207403], [1]]
[[9.101528332176894, 0.5846891849540659], [1]]
[[3.5412782916370733, 8.647013940624733], [0]]
[[9.557828874665601, 2.26406930339754], [1]]
[[9.150236256411794, 1.7275211442656901], [1]]
[[9.534718990937108, 1.7158331846410069], [1]]
[[7.862150151001815, 0.39374908846659173], [1]]
[[8.994304438059203, 5.6294390085416435], [1]]
[[7.725311308536363, 2.5136261055705855], [1]]
[[9.227271511141021, 1.5305139885026642], [1]]
[[6.173556426488689, 1.6089458289698944], [1]]
[[2.5095618443795873, 4.70911846547276], [0]]
[[8.521807189355656, 0.851342157476932], [1]]
[[2.249162226027841, 7.4181906123253905], [0]]
[[3.8841006380672747, 8.362644986985957], [0]]
[[3.3295467758671693, 8.887050986095826], [0]]
[[9.470784319776376, 3.7026876497721006], [1]]
[[2.9815872225986926, 8.806728562866674], [0]]
[[4.447619814727005, 0.3887272347368742], [1]]
[[6.797216571736397, 0.17702713230880462], [1]]
[[2.72989271424409, 6.043997102408003], [0]]
[[9.293107011521032, 1.7926920883477093], [1]]
[[6.019852123722137, 3.62288224125919], [1]]
[[2.019499195772668, 7.458089665125146], [0]]
[[2.8072409697476584, 0.48228324658512456], [1]]
[[4.450461061927181, 9.820775534791242], [0]]
[[9.279998931672456, 2.8950638313897215], [1]]
[[0.2855670716181691, 9.538091078416993], [0]]
[[9.386189743643131, 5.441080264739966], [1]]
[[7.171907626433351, 0.6807636098557746], [1]]
[[3.289528739704304, 0.7534601140608199], [1]]
[[6.421701131248802, 9.744605220943747], [0]]
[[3.9281444935116347, 7.245342794789331], [0]]
[[6.23822983184906, 2.3612185695154606], [1]]
[[9.911035200828856, 4.132265641973359], [1]]
[[2.6518375305627337, 9.4889955573422], [0]]
[[0.5201441809821583, 8.63001019035716], [0]]
[[3.082549496308522, 0.9818835736473908], [1]]
[[7.9143935969862556, 4.710005296747907], [1]]
[[1.6274616281708698, 7.246417487865874], [0]]
[[1.2517017661240804, 9.591789175277222], [0]]
[[9.41775425546367, 6.236702600976194], [1]]
[[7.221927878807354, 4.761679435454979], [1]]
[[4.152649779833725, 0.5137257071323154], [1]]
[[2.842949316879709, 0.4160559807886288], [1]]
[[4.085657982917953, 7.022136158605255], [0]]
[[1.6458374919571683, 5.298937919689135], [0]]
[[0.6784215391430837, 9.674879998641426], [0]]
[[5.821457774030563, 8.529950184863786], [0]]
[[5.8652752009645965, 2.3725603577128753], [1]]
[[1.7841953870022398, 9.352838185354925], [0]]
[[3.355627464297042, 6.61626606807121], [0]]
[[7.957576937031789, 1.5492559413405493], [1]]
[[0.958577340349045, 3.698067105668356], [0]]
[[0.31869500971184017, 9.953229321397368], [0]]
[[4.020123717518457, 7.772480975098785], [0]]
[[6.712231011497254, 0.8187379013458884], [1]]
[[9.64744291515337, 7.251061602570629], [1]]
[[9.815233605078099, 7.219792224026454], [1]]
[[7.625210765667646, 0.009903853332694501], [1]]
[[0.8503812761568974, 6.685935234882746], [0]]
[[6.612106078677137, 9.469337431855893], [0]]
[[8.582428552365524, 1.2406108017646145], [1]]
[[2.6212242973656066, 7.895040082366841], [0]]
[[5.670860020644639, 9.180615259737316], [0]]
[[7.893523593444217, 0.6160395068554336], [1]]
[[7.6658941520081605, 9.667533441906187], [0]]
[[2.725560207920722, 7.684317178012229], [0]]
[[6.43987726235763, 0.8289431814779391], [1]]
[[5.430432419748232, 8.460826713122511], [0]]
[[6.446804144452017, 3.526223912617593], [1]]
[[2.9517837477489604, 8.405020630313432], [0]]
[[6.33584893237375, 0.8153677514680213], [1]]
[[2.1957963695050706, 5.549011479803125], [0]]
[[2.5019949619086157, 6.1826185818923935], [0]]
[[3.2875634941663368, 5.981551128510945], [0]]
[[9.397279073868432, 7.2827423308348225], [1]]
[[4.579025814881494, 6.858600366059058], [0]]
[[8.77428256982471, 0.9073872301954389], [1]]
[[4.136793987486875, 2.0198751120257343], [1]]
[[8.377923881988437, 4.315268100257362], [1]]
[[7.178468521877253, 1.8026756290652413], [1]]
[[9.269053521414254, 5.490435862437452], [1]]
[[0.08711776768086876, 5.8544107514288], [0]]
[[6.3286602525221785, 3.9959924869209527], [1]]
[[4.831571719048801, 7.360888098657106], [0]]
[[9.243014117310596, 1.3672563841369856], [1]]
[[6.35122667835029, 0.13891386266571493], [1]]
[[7.947366550895699, 4.119042014865895], [1]]
[[3.429866386469177, 9.179514924201795], [0]]
[[6.251681413340428, 3.283541653830598], [1]]
[[2.0691893379916912, 8.750402905199142], [0]]
[[7.219940904703371, 1.02773200003478], [1]]
[[9.052710390934713, 0.1718792310487327], [1]]
[[2.386420624341863, 5.244561753320155], [0]]
[[1.4112591332532631, 9.44774538082374], [0]]
[[3.615832049413, 7.672110742806898], [0]]
[[9.95762179599409, 2.6872564535141508], [1]]
[[1.911703030827513, 6.603848054245448], [0]]
[[4.376473134624604, 0.6303856535244456], [1]]
[[5.588580771951937, 2.992899551634558], [1]]